10010111110000000000000000000000
01111111110000000000000010011111
10010111111000000000000000000000
10011000000000000000000000000000
10000000011000000000000111100000
00010111100000000000000001011110
01110111100000000000000000011111
01110111100000000000000000100001
00010000010000000000000000100001
01111111110000000000000010011111
01101111100000000000000000100010
00011000011000000000000001000001
01101111100000000000000000011111
00001111100000000000000001011110
01111111111000000000001111100000
00001000000000000000000000100001
01111111111000000000001111100000
